67,5
67,4
67,3
67,2
67,1
67,0
66,5
66,4
66,3
66,2
66,1
66,0
0,278
65,5
65,4
65,3
65,2
0,9
65,1
65,0
27,4
27,1
27,3
0,273
0,270
24,1
24,3
3,2
3,1
3,3
10,78
10,267
10,149
10,76
10,91
10,219
10,178
10,1
10,138
10,2
10,3
11,20
11,9
11,18
11,11
11,19
11,14
11,1
11,5
11,2
11,3
9,5
9,1
9,7
9,2
9,3
8,4
8,10
8,17
8,15
8,11
8,14
8,1
8,18
8,2
8,3
12,2
12,1
12,3
20,2
20,1
20,3
19,2
19,1
19,3
63,4
63,3
63,2
63,1
63,0
62,4
62,3
18,1
62,2
62,1
62,0
52,4
52,3
18,3
52,2
52,1
52,0
46,3
14,3
13,1
46,2
46,1
46,0
45,8
45,7
45,6
45,5
45,4
45,3
45,2
45,1
13,3
45,0
42,5
42,4
42,3
42,2
42,1
42,0
40,5
40,4
40,3
40,2
40,1
